
  79.5917  29.7272   1647.00
  79.6083  29.7272   1471.00
  79.6250  29.7272   1393.00
  79.6417  29.7272   1609.00
  79.6583  29.7272   1727.00
  79.6750  29.7272   1771.00
  79.6917  29.7272   1537.00
  79.7083  29.7272   1653.00
  79.7250  29.7272   1849.00
  79.7417  29.7272   1757.00
  79.7583  29.7272   1647.00
  79.7750  29.7272   1329.00
  79.7917  29.7272   1191.00
  79.8083  29.7272   1413.00
  79.8250  29.7272   1627.00
  79.5917  29.7128   1751.00
  79.6083  29.7128   1537.00
  79.6250  29.7128   1357.00
  79.6417  29.7128   1429.00
  79.6583  29.7128   1567.00
  79.6750  29.7128   1681.00
  79.6917  29.7128   1489.00
  79.7083  29.7128   1537.00
  79.7250  29.7128   1653.00
  79.7417  29.7128   2021.00
  79.7583  29.7128   1957.00
  79.7750  29.7128   1669.00
  79.7917  29.7128   1369.00
  79.8083  29.7128   1091.00
  79.8250  29.7128   1105.00
  79.5917  29.6983   1635.00
  79.6083  29.6983   1573.00
  79.6250  29.6983   1383.00
  79.6417  29.6983   1339.00
  79.6583  29.6983   1443.00
  79.6750  29.6983   1435.00
  79.6917  29.6983   1419.00
  79.7083  29.6983   1499.00
  79.7250  29.6983   1665.00
  79.7417  29.6983   1991.00
  79.7583  29.6983   2197.00
  79.7750  29.6983   1841.00
  79.7917  29.6983   1415.00
  79.8083  29.6983   1225.00
  79.8250  29.6983   1163.00
  79.5917  29.6838   1393.00
  79.6083  29.6838   1479.00
  79.6250  29.6838   1379.00
  79.6417  29.6838   1277.00
  79.6583  29.6838   1283.00
  79.6750  29.6838   1355.00
  79.6917  29.6838   1519.00
  79.7083  29.6838   1701.00
  79.7250  29.6838   1813.00
  79.7417  29.6838   1911.00
  79.7583  29.6838   1967.00
  79.7750  29.6838   1759.00
  79.7917  29.6838   1551.00
  79.8083  29.6838   1517.00
  79.8250  29.6838   1445.00
  79.5917  29.6693   1337.00
  79.6083  29.6693   1445.00
  79.6250  29.6693   1257.00
  79.6417  29.6693   1229.00
  79.6583  29.6693   1377.00
  79.6750  29.6693   1495.00
  79.6917  29.6693   1543.00
  79.7083  29.6693   1667.00
  79.7250  29.6693   1655.00
  79.7417  29.6693   1577.00
  79.7583  29.6693   1675.00
  79.7750  29.6693   1643.00
  79.7917  29.6693   1757.00
  79.8083  29.6693   1903.00
  79.8250  29.6693   1877.00
  79.5917  29.6549   1331.00
  79.6083  29.6549   1301.00
  79.6250  29.6549   1249.00
  79.6417  29.6549   1257.00
  79.6583  29.6549   1621.00
  79.6750  29.6549   1769.00
  79.6917  29.6549   1675.00
  79.7083  29.6549   1509.00
  79.7250  29.6549   1477.00
  79.7417  29.6549   1411.00
  79.7583  29.6549   1479.00
  79.7750  29.6549   1605.00
  79.7917  29.6549   1675.00
  79.8083  29.6549   1743.00
  79.8250  29.6549   2007.00
  79.5917  29.6404   1457.00
  79.6083  29.6404   1275.00
  79.6250  29.6404   1215.00
  79.6417  29.6404   1299.00
  79.6583  29.6404   1671.00
  79.6750  29.6404   1659.00
  79.6917  29.6404   1597.00
  79.7083  29.6404   1445.00
  79.7250  29.6404   1411.00
  79.7417  29.6404   1389.00
  79.7583  29.6404   1475.00
  79.7750  29.6404   1719.00
  79.7917  29.6404   1799.00
  79.8083  29.6404   1815.00
  79.8250  29.6404   2019.00
  79.5917  29.6259   1361.00
  79.6083  29.6259   1347.00
  79.6250  29.6259   1209.00
  79.6417  29.6259   1297.00
  79.6583  29.6259   1453.00
  79.6750  29.6259   1705.00
  79.6917  29.6259   1587.00
  79.7083  29.6259   1455.00
  79.7250  29.6259   1379.00
  79.7417  29.6259   1483.00
  79.7583  29.6259   1581.00
  79.7750  29.6259   1609.00
  79.7917  29.6259   1583.00
  79.8083  29.6259   1609.00
  79.8250  29.6259   1823.00
  79.5917  29.6114   1349.00
  79.6083  29.6114   1237.00
  79.6250  29.6114   1223.00
  79.6417  29.6114   1373.00
  79.6583  29.6114   1491.00
  79.6750  29.6114   1585.00
  79.6917  29.6114   1581.00
  79.7083  29.6114   1475.00
  79.7250  29.6114   1343.00
  79.7417  29.6114   1401.00
  79.7583  29.6114   1551.00
  79.7750  29.6114   1515.00
  79.7917  29.6114   1503.00
  79.8083  29.6114   1565.00
  79.8250  29.6114   1755.00
  79.5917  29.5969   1347.00
  79.6083  29.5969   1201.00
  79.6250  29.5969   1255.00
  79.6417  29.5969   1433.00
  79.6583  29.5969   1531.00
  79.6750  29.5969   1299.00
  79.6917  29.5969   1321.00
  79.7083  29.5969   1285.00
  79.7250  29.5969   1355.00
  79.7417  29.5969   1385.00
  79.7583  29.5969   1391.00
  79.7750  29.5969   1413.00
  79.7917  29.5969   1503.00
  79.8083  29.5969   1705.00
  79.8250  29.5969   1811.00
  79.5917  29.5824   1525.00
  79.6083  29.5824   1281.00
  79.6250  29.5824   1231.00
  79.6417  29.5824   1527.00
  79.6583  29.5824   1357.00
  79.6750  29.5824   1405.00
  79.6917  29.5824   1509.00
  79.7083  29.5824   1443.00
  79.7250  29.5824   1609.00
  79.7417  29.5824   1549.00
  79.7583  29.5824   1461.00
  79.7750  29.5824   1467.00
  79.7917  29.5824   1489.00
  79.8083  29.5824   1593.00
  79.8250  29.5824   1781.00
  79.5917  29.5679   1415.00
  79.6083  29.5679   1223.00
  79.6250  29.5679   1335.00
  79.6417  29.5679   1347.00
  79.6583  29.5679   1413.00
  79.6750  29.5679   1571.00
  79.6917  29.5679   1803.00
  79.7083  29.5679   1671.00
  79.7250  29.5679   1705.00
  79.7417  29.5679   1705.00
  79.7583  29.5679   1621.00
  79.7750  29.5679   1605.00
  79.7917  29.5679   1593.00
  79.8083  29.5679   1705.00
  79.8250  29.5679   1775.00
  79.5917  29.5534   1207.00
  79.6083  29.5534   1131.00
  79.6250  29.5534   1209.00
  79.6417  29.5534   1271.00
  79.6583  29.5534   1571.00
  79.6750  29.5534   1721.00
  79.6917  29.5534   1831.00
  79.7083  29.5534   1871.00
  79.7250  29.5534   1871.00
  79.7417  29.5534   1801.00
  79.7583  29.5534   1701.00
  79.7750  29.5534   1593.00
  79.7917  29.5534   1669.00
  79.8083  29.5534   1821.00
  79.8250  29.5534   1941.00
  79.5917  29.5389   1227.00
  79.6083  29.5389   1291.00
  79.6250  29.5389   1323.00
  79.6417  29.5389   1255.00
  79.6583  29.5389   1321.00
  79.6750  29.5389   1499.00
  79.6917  29.5389   1527.00
  79.7083  29.5389   1815.00
  79.7250  29.5389   1863.00
  79.7417  29.5389   1865.00
  79.7583  29.5389   1733.00
  79.7750  29.5389   1661.00
  79.7917  29.5389   1671.00
  79.8083  29.5389   1499.00
  79.8250  29.5389   1597.00
  79.5917  29.5244   1485.00
  79.6083  29.5244   1355.00
  79.6250  29.5244   1417.00
  79.6417  29.5244   1553.00
  79.6583  29.5244   1437.00
  79.6750  29.5244   1333.00
  79.6917  29.5244   1343.00
  79.7083  29.5244   1435.00
  79.7250  29.5244   1525.00
  79.7417  29.5244   1797.00
  79.7583  29.5244   1793.00
  79.7750  29.5244   1583.00
  79.7917  29.5244   1431.00
  79.8083  29.5244   1365.00
  79.8250  29.5244   1279.00
  79.5917  29.5099   1465.00
  79.6083  29.5099   1643.00
  79.6250  29.5099   1735.00
  79.6417  29.5099   1763.00
  79.6583  29.5099   1659.00
  79.6750  29.5099   1429.00
  79.6917  29.5099   1425.00
  79.7083  29.5099   1521.00
  79.7250  29.5099   1711.00
  79.7417  29.5099   1721.00
  79.7583  29.5099   1773.00
  79.7750  29.5099   1515.00
  79.7917  29.5099   1271.00
  79.8083  29.5099   1209.00
  79.8250  29.5099   1145.00
  79.5917  29.4954   1435.00
  79.6083  29.4954   1651.00
  79.6250  29.4954   1901.00
  79.6417  29.4954   1853.00
  79.6583  29.4954   1893.00
  79.6750  29.4954   1541.00
  79.6917  29.4954   1625.00
  79.7083  29.4954   1573.00
  79.7250  29.4954   1857.00
  79.7417  29.4954   1973.00
  79.7583  29.4954   1881.00
  79.7750  29.4954   1493.00
  79.7917  29.4954   1305.00
  79.8083  29.4954   1323.00
  79.8250  29.4954   1333.00