
  79.6583  29.6549   1621.00
  79.6750  29.6549   1769.00
  79.6917  29.6549   1675.00
  79.7083  29.6549   1509.00
  79.7250  29.6549   1477.00
  79.7417  29.6549   1411.00
  79.7583  29.6549   1479.00
  79.6583  29.6404   1671.00
  79.6750  29.6404   1659.00
  79.6917  29.6404   1597.00
  79.7083  29.6404   1445.00
  79.7250  29.6404   1411.00
  79.7417  29.6404   1389.00
  79.7583  29.6404   1475.00
  79.6583  29.6259   1453.00
  79.6750  29.6259   1705.00
  79.6917  29.6259   1587.00
  79.7083  29.6259   1455.00
  79.7250  29.6259   1379.00
  79.7417  29.6259   1483.00
  79.7583  29.6259   1581.00
  79.6583  29.6114   1491.00
  79.6750  29.6114   1585.00
  79.6917  29.6114   1581.00
  79.7083  29.6114   1475.00
  79.7250  29.6114   1343.00
  79.7417  29.6114   1401.00
  79.7583  29.6114   1551.00
  79.6583  29.5969   1531.00
  79.6750  29.5969   1299.00
  79.6917  29.5969   1321.00
  79.7083  29.5969   1285.00
  79.7250  29.5969   1355.00
  79.7417  29.5969   1385.00
  79.7583  29.5969   1391.00
  79.6583  29.5824   1357.00
  79.6750  29.5824   1405.00
  79.6917  29.5824   1509.00
  79.7083  29.5824   1443.00
  79.7250  29.5824   1609.00
  79.7417  29.5824   1549.00
  79.7583  29.5824   1461.00
  79.6583  29.5679   1413.00
  79.6750  29.5679   1571.00
  79.6917  29.5679   1803.00
  79.7083  29.5679   1671.00
  79.7250  29.5679   1705.00
  79.7417  29.5679   1705.00
  79.7583  29.5679   1621.00
  79.6583  29.5534   1571.00
  79.6750  29.5534   1721.00
  79.6917  29.5534   1831.00
  79.7083  29.5534   1871.00
  79.7250  29.5534   1871.00
  79.7417  29.5534   1801.00
  79.7583  29.5534   1701.00